120.91504985
32.03096386
0.000000
0.01100
120.91504985
32.03096386
0.000000
0.01100
120.91504985
32.03096386
0.000000
0.01100
120.91504985
32.03096386
0.000000
0.01100
120.91504985
32.03096386
0.000000
0.01100
120.91504985
32.03096386
0.000000
0.01100
120.91504985
32.03096386
0.000000
0.01100
120.91504985
32.03096386
0.000000
0.01100
120.91504985
32.03096386
0.000000
0.01100
120.91504985
32.03096386
0.000000
0.01100
120.91504621
32.03096278
0.000000
-0.17900
120.91504621
32.03096278
0.000000
-0.17900
120.91504621
32.03096278
0.000000
-0.17900
120.91504621
32.03096278
0.000000
-0.17900
120.91504621
32.03096278
0.000000
-0.17900
120.91504621
32.03096278
0.000000
-0.17900
120.91504621
32.03096278
0.000000
-0.17900
120.91504621
32.03096278
0.000000
-0.17900
120.91504621
32.03096278
0.000000
-0.17900
120.91504621
32.03096278
0.000000
-0.17900
120.91506144
32.03096081
0.000000
-0.27100
120.91506144
32.03096081
0.000000
-0.27100
120.91506144
32.03096081
0.000000
-0.27100
120.91506144
32.03096081
0.000000
-0.27100
120.91506144
32.03096081
0.000000
-0.27100
120.91506144
32.03096081
0.000000
-0.27100
120.91506144
32.03096081
0.000000
-0.27100
120.91506144
32.03096081
0.000000
-0.27100
120.91506144
32.03096081
0.000000
-0.27100
120.91506144
32.03096081
0.000000
-0.27100
120.91505529
32.03095267
0.000000
-0.36200
120.91505529
32.03095267
0.000000
-0.36200
120.91505529
32.03095267
0.000000
-0.36200
120.91505529
32.03095267
0.000000
-0.36200
120.91505529
32.03095267
0.000000
-0.36200
120.91505529
32.03095267
0.000000
-0.36200
120.91505529
32.03095267
0.000000
-0.36200
120.91505529
32.03095267
0.000000
-0.36200
120.91505529
32.03095267
0.000000
-0.36200
120.91505529
32.03095267
0.000000
-0.36200
120.91505529
32.03095267
0.000000
-0.41800
120.91505529
32.03095267
0.000000
-0.41800
120.91505529
32.03095267
0.000000
-0.41800
120.91505529
32.03095267
0.000000
-0.41800
120.91505529
32.03095267
0.000000
-0.41800
120.91505529
32.03095267
0.000000
-0.41800
120.91505529
32.03095267
0.000000
-0.41800
120.91505529
32.03095267
0.000000
-0.41800
120.91505529
32.03095267
0.000000
-0.41800
120.91505529
32.03095267
0.000000
-0.41800
120.91507440
32.03094278
0.000000
-0.48900
120.91507440
32.03094278
0.000000
-0.48900
120.91507440
32.03094278
0.000000
-0.48900
120.91507440
32.03094278
0.000000
-0.48900
120.91507440
32.03094278
0.000000
-0.48900
120.91507440
32.03094278
0.000000
-0.48900
120.91507440
32.03094278
0.000000
-0.48900
120.91507440
32.03094278
0.000000
-0.48900
120.91507440
32.03094278
0.000000
-0.48900
120.91507440
32.03094278
0.000000
-0.48900
120.91506711
32.03094061
0.000000
-0.47100
120.91506711
32.03094061
0.000000
-0.47100
120.91506711
32.03094061
0.000000
-0.47100
120.91506711
32.03094061
0.000000
-0.47100
120.91506711
32.03094061
0.000000
-0.47100
120.91506711
32.03094061
0.000000
-0.47100
120.91506711
32.03094061
0.000000
-0.47100
120.91506711
32.03094061
0.000000
-0.47100
120.91506711
32.03094061
0.000000
-0.47100
120.91506711
32.03094061
0.000000
-0.47100
120.91506896
32.03093868
0.000000
-0.47600
120.91506896
32.03093868
0.000000
-0.47600
120.91506896
32.03093868
0.000000
-0.47600
120.91506896
32.03093868
0.000000
-0.47600
120.91506896
32.03093868
0.000000
-0.47600
120.91506896
32.03093868
0.000000
-0.47600
120.91506896
32.03093868
0.000000
-0.47600
120.91506896
32.03093868
0.000000
-0.47600
120.91506896
32.03093868
0.000000
-0.47600
120.91506896
32.03093868
0.000000
-0.47600
120.91507440
32.03093513
0.000000
-0.53900
120.91507440
32.03093513
0.000000
-0.53900
120.91507440
32.03093513
0.000000
-0.53900
120.91507440
32.03093513
0.000000
-0.53900
120.91507440
32.03093513
0.000000
-0.53900
120.91507440
32.03093513
0.000000
-0.53900
120.91507440
32.03093513
0.000000
-0.53900
120.91507440
32.03093513
0.000000
-0.53900
120.91507440
32.03093513
0.000000
-0.53900
120.91507440
32.03093513
0.000000
-0.53900
120.91506531
32.03092995
0.000000
-0.45800
120.91506531
32.03092995
0.000000
-0.45800
120.91506531
32.03092995
0.000000
-0.45800
120.91506531
32.03092995
0.000000
-0.45800
120.91506531
32.03092995
0.000000
-0.45800
120.91506531
32.03092995
0.000000
-0.45800
120.91506531
32.03092995
0.000000
-0.45800
120.91506531
32.03092995
0.000000
-0.45800
120.91506531
32.03092995
0.000000
-0.45800
120.91506531
32.03092995
0.000000
-0.45800
120.91505079
32.03092066
0.000000
-0.46500
120.91505079
32.03092066
0.000000
-0.46500
120.91505079
32.03092066
0.000000
-0.46500
120.91505079
32.03092066
0.000000
-0.46500
120.91505079
32.03092066
0.000000
-0.46500
120.91505079
32.03092066
0.000000
-0.46500
120.91505079
32.03092066
0.000000
-0.46500
120.91505079
32.03092066
0.000000
-0.46500
120.91505079
32.03092066
0.000000
-0.46500
120.91505079
32.03092066
0.000000
-0.46500
120.91505259
32.03092367
0.000000
-0.53700
120.91505259
32.03092367
0.000000
-0.53700
120.91505259
32.03092367
0.000000
-0.53700
120.91505259
32.03092367
0.000000
-0.53700
120.91505259
32.03092367
0.000000
-0.53700
120.91505259
32.03092367
0.000000
-0.53700
120.91505259
32.03092367
0.000000
-0.53700
120.91505259
32.03092367
0.000000
-0.53700
120.91505259
32.03092367
0.000000
-0.53700
120.91505259
32.03092367
0.000000
-0.53700
120.91505079
32.03092066
0.000000
-0.52000
120.91505079
32.03092066
0.000000
-0.52000
120.91505079
32.03092066
0.000000
-0.52000
120.91505079
32.03092066
0.000000
-0.52000
120.91505079
32.03092066
0.000000
-0.52000
120.91505079
32.03092066
0.000000
-0.52000
120.91505079
32.03092066
0.000000
-0.52000
120.91505079
32.03092066
0.000000
-0.52000
120.91505079
32.03092066
0.000000
-0.52000
120.91505079
32.03092066
0.000000
-0.52000
120.91505987
32.03091820
0.000000
-0.48300
120.91505987
32.03091820
0.000000
-0.48300
120.91505987
32.03091820
0.000000
-0.48300
120.91505987
32.03091820
0.000000
-0.48300
120.91505987
32.03091820
0.000000
-0.48300
120.91505987
32.03091820
0.000000
-0.48300
120.91505987
32.03091820
0.000000
-0.48300
120.91505987
32.03091820
0.000000
-0.48300
120.91505987
32.03091820
0.000000
-0.48300
120.91505987
32.03091820
0.000000
-0.48300
120.91505259
32.03091603
0.000000
-0.48700
120.91505259
32.03091603
0.000000
-0.48700
120.91505259
32.03091603
0.000000
-0.48700
120.91505259
32.03091603
0.000000
-0.48700
120.91505259
32.03091603
0.000000
-0.48700
120.91505259
32.03091603
0.000000
-0.48700
120.91505259
32.03091603
0.000000
-0.48700
120.91505259
32.03091603
0.000000
-0.48700
120.91505259
32.03091603
0.000000
-0.48700
120.91505259
32.03091603
0.000000
-0.48700
120.91506531
32.03090701
0.000000
-0.48300
120.91506531
32.03090701
0.000000
-0.48300
120.91506531
32.03090701
0.000000
-0.48300
120.91506531
32.03090701
0.000000
-0.48300
120.91506531
32.03090701
0.000000
-0.48300
120.91506531
32.03090701
0.000000
-0.48300
120.91506531
32.03090701
0.000000
-0.48300
120.91506531
32.03090701
0.000000
-0.48300
120.91506531
32.03090701
0.000000
-0.48300
120.91506531
32.03090701
0.000000
-0.48300
120.91504535
32.03090126
0.000000
-0.51600
120.91504535
32.03090126
0.000000
-0.51600
120.91504535
32.03090126
0.000000
-0.51600
120.91504535
32.03090126
0.000000
-0.51600
120.91504535
32.03090126
0.000000
-0.51600
120.91504535
32.03090126
0.000000
-0.51600
120.91504535
32.03090126
0.000000
-0.51600
120.91504535
32.03090126
0.000000
-0.51600
120.91504535
32.03090126
0.000000
-0.51600
120.91504535
32.03090126
0.000000
-0.51600
120.91503273
32.03086215
0.000000
-0.53000
120.91503273
32.03086215
0.000000
-0.53000
120.91503273
32.03086215
0.000000
-0.53000
120.91503273
32.03086215
0.000000
-0.53000
120.91503273
32.03086215
0.000000
-0.53000
120.91503273
32.03086215
0.000000
-0.53000
120.91503273
32.03086215
0.000000
-0.53000
120.91503273
32.03086215
0.000000
-0.53000
120.91503273
32.03086215
0.000000
-0.53000
120.91503273
32.03086215
0.000000
-0.53000
120.91506537
32.03087912
0.000000
-0.49500
120.91506537
32.03087912
0.000000
-0.49500
120.91506537
32.03087912
0.000000
-0.49500
120.91506537
32.03087912
0.000000
-0.49500
120.91506537
32.03087912
0.000000
-0.49500
120.91506537
32.03087912
0.000000
-0.49500
120.91506537
32.03087912
0.000000
-0.49500
120.91506537
32.03087912
0.000000
-0.49500
120.91506537
32.03087912
0.000000
-0.49500
120.91506537
32.03087912
0.000000
-0.49500
120.91507804
32.03089035
0.000000
-0.53400
120.91507804
32.03089035
0.000000
-0.53400
120.91507804
32.03089035
0.000000
-0.53400
120.91507804
32.03089035
0.000000
-0.53400
120.91507804
32.03089035
0.000000
-0.53400
120.91507804
32.03089035
0.000000
-0.53400
120.91507804
32.03089035
0.000000
-0.53400
120.91507804
32.03089035
0.000000
-0.53400
120.91507804
32.03089035
0.000000
-0.53400
120.91507804
32.03089035
0.000000
-0.53400
120.91506352
32.03088106
0.000000
-0.51900
120.91506352
32.03088106
0.000000
-0.51900
120.91506352
32.03088106
0.000000
-0.51900
120.91506352
32.03088106
0.000000
-0.51900
120.91506352
32.03088106
0.000000
-0.51900
120.91506352
32.03088106
0.000000
-0.51900
120.91506352
32.03088106
0.000000
-0.51900
120.91506352
32.03088106
0.000000
-0.51900
120.91506352
32.03088106
0.000000
-0.51900
120.91506352
32.03088106
0.000000
-0.51900
120.91506716
32.03087449
0.000000
-0.49600
120.91506716
32.03087449
0.000000
-0.49600
120.91506716
32.03087449
0.000000
-0.49600
120.91506716
32.03087449
0.000000
-0.49600
120.91506716
32.03087449
0.000000
-0.49600
120.91506716
32.03087449
0.000000
-0.49600
120.91506716
32.03087449
0.000000
-0.49600
120.91506716
32.03087449
0.000000
-0.49600
120.91506716
32.03087449
0.000000
-0.49600
120.91506716
32.03087449
0.000000
-0.49600
120.91506537
32.03086383
0.000000
-0.50500
120.91506537
32.03086383
0.000000
-0.50500
120.91506537
32.03086383
0.000000
-0.50500
120.91506537
32.03086383
0.000000
-0.50500
120.91506537
32.03086383
0.000000
-0.50500
120.91506537
32.03086383
0.000000
-0.50500
120.91506537
32.03086383
0.000000
-0.50500
120.91506537
32.03086383
0.000000
-0.50500
120.91506537
32.03086383
0.000000
-0.50500
120.91506537
32.03086383
0.000000
-0.50500
120.91505444
32.03086058
0.000000
-0.49300
120.91505444
32.03086058
0.000000
-0.49300
120.91505444
32.03086058
0.000000
-0.49300
120.91505444
32.03086058
0.000000
-0.49300
120.91505444
32.03086058
0.000000
-0.49300
120.91505444
32.03086058
0.000000
-0.49300
120.91505444
32.03086058
0.000000
-0.49300
120.91505444
32.03086058
0.000000
-0.49300
120.91505444
32.03086058
0.000000
-0.49300
120.91505444
32.03086058
0.000000
-0.49300
120.91504900
32.03085647
0.000000
-0.50500
120.91504900
32.03085647
0.000000
-0.50500
120.91504900
32.03085647
0.000000
-0.50500
120.91504900
32.03085647
0.000000
-0.50500
120.91504900
32.03085647
0.000000
-0.50500
120.91504900
32.03085647
0.000000
-0.50500
120.91504900
32.03085647
0.000000
-0.50500
120.91504900
32.03085647
0.000000
-0.50500
120.91504900
32.03085647
0.000000
-0.50500
120.91504900
32.03085647
0.000000
-0.50500
120.91505444
32.03084529
0.000000
-0.50400
120.91505444
32.03084529
0.000000
-0.50400
120.91505444
32.03084529
0.000000
-0.50400
120.91505444
32.03084529
0.000000
-0.50400
120.91505444
32.03084529
0.000000
-0.50400
120.91505444
32.03084529
0.000000
-0.50400
120.91505444
32.03084529
0.000000
-0.50400
120.91505444
32.03084529
0.000000
-0.50400
120.91505444
32.03084529
0.000000
-0.50400
120.91505444
32.03084529
0.000000
-0.50400
120.91505987
32.03084939
0.000000
-0.35300
120.91505987
32.03084939
0.000000
-0.35300
120.91505987
32.03084939
0.000000
-0.35300
120.91505987
32.03084939
0.000000
-0.35300
120.91505987
32.03084939
0.000000
-0.35300
120.91505987
32.03084939
0.000000
-0.35300
120.91505987
32.03084939
0.000000
-0.35300
120.91505987
32.03084939
0.000000
-0.35300
120.91505987
32.03084939
0.000000
-0.35300
120.91505987
32.03084939
0.000000
-0.35300
120.91505444
32.03083764
0.000000
-0.04000
120.91505444
32.03083764
0.000000
-0.04000
120.91505444
32.03083764
0.000000
-0.04000
120.91505444
32.03083764
0.000000
-0.04000
120.91505444
32.03083764
0.000000
-0.04000
120.91505444
32.03083764
0.000000
-0.04000
120.91505444
32.03083764
0.000000
-0.04000
120.91505444
32.03083764
0.000000
-0.04000
120.91505444
32.03083764
0.000000
-0.04000
120.91505444
32.03083764
0.000000
-0.04000
120.91505259
32.03083958
0.000000
0.00000
120.91505259
32.03083958
0.000000
0.00000
120.91505259
32.03083958
0.000000
0.00000
120.91505259
32.03083958
0.000000
0.00000
120.91505259
32.03083958
0.000000
0.00000
120.91505259
32.03083958
0.000000
0.00000
120.91505259
32.03083958
0.000000
0.00000
120.91505259
32.03083958
0.000000
0.00000
120.91505259
32.03083958
0.000000
0.00000
120.91505259
32.03083958
0.000000
0.00000
120.91505259
32.03084722
0.000000
-0.01500
120.91505259
32.03084722
0.000000
-0.01500
120.91505259
32.03084722
0.000000
-0.01500
120.91505259
32.03084722
0.000000
-0.01500
120.91505259
32.03084722
0.000000
-0.01500
120.91505259
32.03084722
0.000000
-0.01500
120.91505259
32.03084722
0.000000
-0.01500
120.91505259
32.03084722
0.000000
-0.01500
120.91505259
32.03084722
0.000000
-0.01500
120.91505259
32.03084722
0.000000
-0.01500
120.91505623
32.03084831
0.000000
-0.02900
120.91505623
32.03084831
0.000000
-0.02900
120.91505623
32.03084831
0.000000
-0.02900
120.91505623
32.03084831
0.000000
-0.02900
120.91505623
32.03084831
0.000000
-0.02900
120.91505623
32.03084831
0.000000
-0.02900
120.91505623
32.03084831
0.000000
-0.02900
120.91505623
32.03084831
0.000000
-0.02900
120.91505623
32.03084831
0.000000
-0.02900
120.91505623
32.03084831
0.000000
-0.02900
120.91505444
32.03083764
0.000000
0.00500
120.91505444
32.03083764
0.000000
0.00500
120.91505444
32.03083764
0.000000
0.00500
120.91505444
32.03083764
0.000000
0.00500
120.91505444
32.03083764
0.000000
0.00500
120.91505444
32.03083764
0.000000
0.00500
120.91505444
32.03083764
0.000000
0.00500
120.91505444
32.03083764
0.000000
0.00500
120.91505444
32.03083764
0.000000
0.00500
120.91505444
32.03083764
0.000000
0.00500
120.91505444
32.03083764
0.000000
-0.00100
120.91505444
32.03083764
0.000000
-0.00100
120.91505444
32.03083764
0.000000
-0.00100
120.91505444
32.03083764
0.000000
-0.00100
120.91505444
32.03083764
0.000000
-0.00100
120.91505444
32.03083764
0.000000
-0.00100
120.91505444
32.03083764
0.000000
-0.00100
120.91505444
32.03083764
0.000000
-0.00100
120.91505444
32.03083764
0.000000
-0.00100
120.91505444
32.03083764
0.000000
-0.00100
120.91505444
32.03084529
0.000000
0.00100
120.91505444
32.03084529
0.000000
0.00100
120.91505444
32.03084529
0.000000
0.00100
120.91505444
32.03084529
0.000000
0.00100
120.91505444
32.03084529
0.000000
0.00100
120.91505444
32.03084529
0.000000
0.00100
120.91505444
32.03084529
0.000000
0.00100
120.91505444
32.03084529
0.000000
0.00100
120.91505444
32.03084529
0.000000
0.00100
120.91505444
32.03084529
0.000000
0.00100
120.91504350
32.03084968
0.000000
-0.00800
120.91504350
32.03084968
0.000000
-0.00800
120.91504350
32.03084968
0.000000
-0.00800
120.91504350
32.03084968
0.000000
-0.00800
120.91504350
32.03084968
0.000000
-0.00800
120.91504350
32.03084968
0.000000
-0.00800
120.91504350
32.03084968
0.000000
-0.00800
120.91504350
32.03084968
0.000000
-0.00800
120.91504350
32.03084968
0.000000
-0.00800
120.91504350
32.03084968
0.000000
-0.00800
120.91505623
32.03084066
0.000000
0.00800
120.91505623
32.03084066
0.000000
0.00800
120.91505623
32.03084066
0.000000
0.00800
120.91505623
32.03084066
0.000000
0.00800
120.91505623
32.03084066
0.000000
0.00800
120.91505623
32.03084066
0.000000
0.00800
120.91505623
32.03084066
0.000000
0.00800
120.91505623
32.03084066
0.000000
0.00800
120.91505623
32.03084066
0.000000
0.00800
120.91505623
32.03084066
0.000000
0.00800
120.91505987
32.03084174
0.000000
0.00700
120.91505987
32.03084174
0.000000
0.00700
120.91505987
32.03084174
0.000000
0.00700
120.91505987
32.03084174
0.000000
0.00700
120.91505987
32.03084174
0.000000
0.00700
120.91505987
32.03084174
0.000000
0.00700
120.91505987
32.03084174
0.000000
0.00700
120.91505987
32.03084174
0.000000
0.00700
120.91505987
32.03084174
0.000000
0.00700
120.91505987
32.03084174
0.000000
0.00700
120.91505623
32.03084066
0.000000
0.00500
120.91505623
32.03084066
0.000000
0.00500
120.91505623
32.03084066
0.000000
0.00500
120.91505623
32.03084066
0.000000
0.00500
120.91505623
32.03084066
0.000000
0.00500
120.91505623
32.03084066
0.000000
0.00500
120.91505623
32.03084066
0.000000
0.00500
120.91505623
32.03084066
0.000000
0.00500
120.91505623
32.03084066
0.000000
0.00500
120.91505623
32.03084066
0.000000
0.00500
120.91505623
32.03084066
0.000000
0.04200
120.91505623
32.03084066
0.000000
0.04200
120.91505623
32.03084066
0.000000
0.04200
120.91505623
32.03084066
0.000000
0.04200
120.91505623
32.03084066
0.000000
0.04200
120.91505623
32.03084066
0.000000
0.04200
120.91505623
32.03084066
0.000000
0.04200
120.91505623
32.03084066
0.000000
0.04200
120.91505623
32.03084066
0.000000
0.04200
120.91505623
32.03084066
0.000000
0.04200
120.91505079
32.03083656
0.000000
-0.01800
120.91505079
32.03083656
0.000000
-0.01800
120.91505079
32.03083656
0.000000
-0.01800
120.91505079
32.03083656
0.000000
-0.01800
120.91505079
32.03083656
0.000000
-0.01800
120.91505079
32.03083656
0.000000
-0.01800
120.91505079
32.03083656
0.000000
-0.01800
120.91505079
32.03083656
0.000000
-0.01800
120.91505079
32.03083656
0.000000
-0.01800
120.91505079
32.03083656
0.000000
-0.01800
120.91505987
32.03083410
0.000000
-0.00100
120.91505987
32.03083410
0.000000
-0.00100
120.91505987
32.03083410
0.000000
-0.00100
120.91505987
32.03083410
0.000000
-0.00100
120.91505987
32.03083410
0.000000
-0.00100
120.91505987
32.03083410
0.000000
-0.00100
120.91505987
32.03083410
0.000000
-0.00100
120.91505987
32.03083410
0.000000
-0.00100
120.91505987
32.03083410
0.000000
-0.00100
120.91505987
32.03083410
0.000000
-0.00100
120.91505623
32.03083302
0.000000
-0.00600
120.91505623
32.03083302
0.000000
-0.00600
120.91505623
32.03083302
0.000000
-0.00600
120.91505623
32.03083302
0.000000
-0.00600
120.91505623
32.03083302
0.000000
-0.00600
120.91505623
32.03083302
0.000000
-0.00600
120.91505623
32.03083302
0.000000
-0.00600
120.91505623
32.03083302
0.000000
-0.00600
120.91505623
32.03083302
0.000000
-0.00600
120.91505623
32.03083302
0.000000
-0.00600
120.91505259
32.03083958
0.000000
-0.01900
120.91505259
32.03083958
0.000000
-0.01900
120.91505259
32.03083958
0.000000
-0.01900
120.91505259
32.03083958
0.000000
-0.01900
120.91505259
32.03083958
0.000000
-0.01900
120.91505259
32.03083958
0.000000
-0.01900
120.91505259
32.03083958
0.000000
-0.01900
120.91505259
32.03083958
0.000000
-0.01900
120.91505259
32.03083958
0.000000
-0.01900
120.91505259
32.03083958
0.000000
-0.01900
120.91505259
32.03083958
0.000000
0.01300
120.91505259
32.03083958
0.000000
0.01300
120.91505259
32.03083958
0.000000
0.01300
120.91505259
32.03083958
0.000000
0.01300
120.91505259
32.03083958
0.000000
0.01300
120.91505259
32.03083958
0.000000
0.01300
120.91505259
32.03083958
0.000000
0.01300
120.91505259
32.03083958
0.000000
0.01300
120.91505259
32.03083958
0.000000
0.01300
120.91505259
32.03083958
0.000000
0.01300
120.91505259
32.03083958
0.000000
0.01300
120.91504350
32.03084203
0.000000
-0.01800
120.91504350
32.03084203
0.000000
-0.01800
120.91504350
32.03084203
0.000000
-0.01800
120.91504350
32.03084203
0.000000
-0.01800
120.91504350
32.03084203
0.000000
-0.01800
120.91504350
32.03084203
0.000000
-0.01800
120.91504350
32.03084203
0.000000
-0.01800
120.91504350
32.03084203
0.000000
-0.01800
120.91504350
32.03084203
0.000000
-0.01800
120.91504350
32.03084203
0.000000
-0.01800
120.91506167
32.03083712
0.000000
-0.01000
120.91506167
32.03083712
0.000000
-0.01000
120.91506167
32.03083712
0.000000
-0.01000
120.91506167
32.03083712
0.000000
-0.01000
120.91506167
32.03083712
0.000000
-0.01000
120.91506167
32.03083712
0.000000
-0.01000
120.91506167
32.03083712
0.000000
-0.01000
120.91506167
32.03083712
0.000000
-0.01000
120.91506167
32.03083712
0.000000
-0.01000
120.91506167
32.03083712
0.000000
-0.01000
120.91505079
32.03083656
0.000000
0.02000
120.91505079
32.03083656
0.000000
0.02000
120.91505079
32.03083656
0.000000
0.02000
120.91505079
32.03083656
0.000000
0.02000
120.91505079
32.03083656
0.000000
0.02000
120.91505079
32.03083656
0.000000
0.02000
120.91505079
32.03083656
0.000000
0.02000
120.91505079
32.03083656
0.000000
0.02000
120.91505079
32.03083656
0.000000
0.02000
120.91505079
32.03083656
0.000000
0.02000
120.91505987
32.03084174
0.000000
0.00500
120.91505987
32.03084174
0.000000
0.00500
120.91505987
32.03084174
0.000000
0.00500
120.91505987
32.03084174
0.000000
0.00500
120.91505987
32.03084174
0.000000
0.00500
120.91505987
32.03084174
0.000000
0.00500
120.91505987
32.03084174
0.000000
0.00500
120.91505987
32.03084174
0.000000
0.00500
120.91505987
32.03084174
0.000000
0.00500
120.91505987
32.03084174
0.000000
0.00500
120.91505259
32.03083958
0.000000
0.00500
120.91505259
32.03083958
0.000000
0.00500
120.91505259
32.03083958
0.000000
0.00500
120.91505259
32.03083958
0.000000
0.00500
120.91505259
32.03083958
0.000000
0.00500
120.91505259
32.03083958
0.000000
0.00500
120.91505259
32.03083958
0.000000
0.00500
120.91505259
32.03083958
0.000000
0.00500
120.91505259
32.03083958
0.000000
0.00500
120.91505259
32.03083958
0.000000
0.00500
120.91506167
32.03084476
0.000000
0.01200
