0.00000000
0.00000000
0.000000
0.00000
0.00000000
0.00000000
0.000000
0.00000
0.00000000
0.00000000
0.000000
0.00000
0.00000000
0.00000000
0.000000
0.00000
0.00000000
0.00000000
0.000000
0.00000
0.00000000
0.00000000
0.000000
0.00000
0.00000000
0.00000000
0.000000
0.00000
1.20915104
0.32030929
0.000000
-0.95400
1.20915104
0.32030929
0.000000
-0.95400
1.20915104
0.32030929
0.000000
-0.95400
1.20915104
0.32030929
0.000000
-0.95400
1.20915104
0.32030929
0.000000
-0.95400
1.20915104
0.32030929
0.000000
-0.95400
1.20915104
0.32030929
0.000000
-0.95400
1.20915104
0.32030929
0.000000
-0.95400
1.20915104
0.32030929
0.000000
-0.95400
1.20915104
0.32030929
0.000000
-0.95400
1.20915105
0.32030920
0.000000
-0.93500
1.20915105
0.32030920
0.000000
-0.93500
1.20915105
0.32030920
0.000000
-0.93500
1.20915105
0.32030920
0.000000
-0.93500
1.20915105
0.32030920
0.000000
-0.93500
1.20915105
0.32030920
0.000000
-0.93500
1.20915105
0.32030920
0.000000
-0.93500
1.20915105
0.32030920
0.000000
-0.93500
1.20915105
0.32030920
0.000000
-0.93500
1.20915105
0.32030920
0.000000
-0.93500
1.20915105
0.32030912
0.000000
-0.94800
1.20915105
0.32030912
0.000000
-0.94800
1.20915105
0.32030912
0.000000
-0.94800
1.20915105
0.32030912
0.000000
-0.94800
1.20915105
0.32030912
0.000000
-0.94800
1.20915105
0.32030912
0.000000
-0.94800
1.20915105
0.32030912
0.000000
-0.94800
1.20915105
0.32030912
0.000000
-0.94800
1.20915105
0.32030912
0.000000
-0.94800
1.20915105
0.32030912
0.000000
-0.94800
1.20915106
0.32030904
0.000000
-0.90800
1.20915106
0.32030904
0.000000
-0.90800
1.20915106
0.32030904
0.000000
-0.90800
1.20915106
0.32030904
0.000000
-0.90800
1.20915106
0.32030904
0.000000
-0.90800
1.20915106
0.32030904
0.000000
-0.90800
1.20915106
0.32030904
0.000000
-0.90800
1.20915106
0.32030904
0.000000
-0.90800
1.20915106
0.32030904
0.000000
-0.90800
1.20915106
0.32030904
0.000000
-0.90800
1.20915107
0.32030896
355.879000
-0.94300
1.20915107
0.32030896
355.879000
-0.94300
1.20915107
0.32030896
355.879000
-0.94300
1.20915107
0.32030896
355.879000
-0.94300
1.20915107
0.32030896
355.879000
-0.94300
1.20915107
0.32030896
355.879000
-0.94300
1.20915107
0.32030896
355.879000
-0.94300
1.20915107
0.32030896
355.879000
-0.94300
1.20915107
0.32030896
355.879000
-0.94300
1.20915107
0.32030896
355.879000
-0.94300
1.20915108
0.32030887
357.632000
-0.93800
1.20915108
0.32030887
357.632000
-0.93800
1.20915108
0.32030887
357.632000
-0.93800
1.20915108
0.32030887
357.632000
-0.93800
1.20915108
0.32030887
357.632000
-0.93800
1.20915108
0.32030887
357.632000
-0.93800
1.20915108
0.32030887
357.632000
-0.93800
1.20915108
0.32030887
357.632000
-0.93800
1.20915108
0.32030887
357.632000
-0.93800
1.20915108
0.32030887
357.632000
-0.93800
1.20915109
0.32030879
0.000000
-0.88200
1.20915109
0.32030879
0.000000
-0.88200
1.20915109
0.32030879
0.000000
-0.88200
1.20915109
0.32030879
0.000000
-0.88200
1.20915109
0.32030879
0.000000
-0.88200
1.20915109
0.32030879
0.000000
-0.88200
1.20915109
0.32030879
0.000000
-0.88200
1.20915109
0.32030879
0.000000
-0.88200
1.20915109
0.32030879
0.000000
-0.88200
1.20915109
0.32030879
0.000000
-0.88200
1.20915109
0.32030872
43.968000
-0.91900
1.20915109
0.32030872
43.968000
-0.91900
1.20915109
0.32030872
43.968000
-0.91900
1.20915109
0.32030872
43.968000
-0.91900
1.20915109
0.32030872
43.968000
-0.91900
1.20915109
0.32030872
43.968000
-0.91900
1.20915109
0.32030872
43.968000
-0.91900
1.20915109
0.32030872
43.968000
-0.91900
1.20915109
0.32030872
43.968000
-0.91900
1.20915109
0.32030872
43.968000
-0.91900
1.20915109
0.32030863
341.383000
-0.91200
1.20915109
0.32030863
341.383000
-0.91200
1.20915109
0.32030863
341.383000
-0.91200
1.20915109
0.32030863
341.383000
-0.91200
1.20915109
0.32030863
341.383000
-0.91200
1.20915109
0.32030863
341.383000
-0.91200
1.20915109
0.32030863
341.383000
-0.91200
1.20915109
0.32030863
341.383000
-0.91200
1.20915109
0.32030863
341.383000
-0.91200
1.20915109
0.32030863
341.383000
-0.91200
1.20915109
0.32030856
0.000000
-0.84300
1.20915109
0.32030856
0.000000
-0.84300
1.20915109
0.32030856
0.000000
-0.84300
1.20915109
0.32030856
0.000000
-0.84300
1.20915109
0.32030856
0.000000
-0.84300
1.20915109
0.32030856
0.000000
-0.84300
1.20915109
0.32030856
0.000000
-0.84300
1.20915109
0.32030856
0.000000
-0.84300
1.20915109
0.32030856
0.000000
-0.84300
1.20915109
0.32030856
0.000000
-0.84300
1.20915107
0.32030849
56.316000
-0.77800
1.20915107
0.32030849
56.316000
-0.77800
1.20915107
0.32030849
56.316000
-0.77800
1.20915107
0.32030849
56.316000
-0.77800
1.20915107
0.32030849
56.316000
-0.77800
1.20915107
0.32030849
56.316000
-0.77800
1.20915107
0.32030849
56.316000
-0.77800
1.20915107
0.32030849
56.316000
-0.77800
1.20915107
0.32030849
56.316000
-0.77800
1.20915107
0.32030849
56.316000
-0.77800
1.20915104
0.32030842
0.000000
-0.69800
1.20915104
0.32030842
0.000000
-0.69800
1.20915104
0.32030842
0.000000
-0.69800
1.20915104
0.32030842
0.000000
-0.69800
1.20915104
0.32030842
0.000000
-0.69800
1.20915104
0.32030842
0.000000
-0.69800
1.20915104
0.32030842
0.000000
-0.69800
1.20915104
0.32030842
0.000000
-0.69800
1.20915104
0.32030842
0.000000
-0.69800
1.20915104
0.32030842
0.000000
-0.69800
1.20915099
0.32030836
81.351000
-0.63200
1.20915099
0.32030836
81.351000
-0.63200
1.20915099
0.32030836
81.351000
-0.63200
1.20915099
0.32030836
81.351000
-0.63200
1.20915099
0.32030836
81.351000
-0.63200
1.20915099
0.32030836
81.351000
-0.63200
1.20915099
0.32030836
81.351000
-0.63200
1.20915099
0.32030836
81.351000
-0.63200
1.20915099
0.32030836
81.351000
-0.63200
1.20915099
0.32030836
81.351000
-0.63200
1.20915094
0.32030830
323.380000
-0.69500
1.20915094
0.32030830
323.380000
-0.69500
1.20915094
0.32030830
323.380000
-0.69500
1.20915094
0.32030830
323.380000
-0.69500
1.20915094
0.32030830
323.380000
-0.69500
1.20915094
0.32030830
323.380000
-0.69500
1.20915094
0.32030830
323.380000
-0.69500
1.20915094
0.32030830
323.380000
-0.69500
1.20915094
0.32030830
323.380000
-0.69500
1.20915094
0.32030830
323.380000
-0.69500
1.20915088
0.32030824
295.070000
-0.73600
1.20915088
0.32030824
295.070000
-0.73600
1.20915088
0.32030824
295.070000
-0.73600
1.20915088
0.32030824
295.070000
-0.73600
1.20915088
0.32030824
295.070000
-0.73600
1.20915088
0.32030824
295.070000
-0.73600
1.20915088
0.32030824
295.070000
-0.73600
1.20915088
0.32030824
295.070000
-0.73600
1.20915088
0.32030824
295.070000
-0.73600
1.20915088
0.32030824
295.070000
-0.73600
1.20915082
0.32030817
341.014000
-0.68500
1.20915082
0.32030817
341.014000
-0.68500
1.20915082
0.32030817
341.014000
-0.68500
1.20915082
0.32030817
341.014000
-0.68500
1.20915082
0.32030817
341.014000
-0.68500
1.20915082
0.32030817
341.014000
-0.68500
1.20915082
0.32030817
341.014000
-0.68500
1.20915082
0.32030817
341.014000
-0.68500
1.20915082
0.32030817
341.014000
-0.68500
1.20915082
0.32030817
341.014000
-0.68500
1.20915078
0.32030811
0.000000
-0.79900
1.20915078
0.32030811
0.000000
-0.79900
1.20915078
0.32030811
0.000000
-0.79900
1.20915078
0.32030811
0.000000
-0.79900
1.20915078
0.32030811
0.000000
-0.79900
1.20915078
0.32030811
0.000000
-0.79900
1.20915078
0.32030811
0.000000
-0.79900
1.20915078
0.32030811
0.000000
-0.79900
1.20915078
0.32030811
0.000000
-0.79900
1.20915078
0.32030811
0.000000
-0.79900
1.20915077
0.32030796
306.946000
-0.70900
1.20915077
0.32030796
306.946000
-0.70900
1.20915077
0.32030796
306.946000
-0.70900
1.20915077
0.32030796
306.946000
-0.70900
1.20915077
0.32030796
306.946000
-0.70900
1.20915077
0.32030796
306.946000
-0.70900
1.20915077
0.32030796
306.946000
-0.70900
1.20915077
0.32030796
306.946000
-0.70900
1.20915077
0.32030796
306.946000
-0.70900
1.20915077
0.32030796
306.946000
-0.70900
1.20915075
0.32030789
309.883000
-0.89200
1.20915075
0.32030789
309.883000
-0.89200
1.20915075
0.32030789
309.883000
-0.89200
1.20915075
0.32030789
309.883000
-0.89200
1.20915075
0.32030789
309.883000
-0.89200
1.20915075
0.32030789
309.883000
-0.89200
1.20915075
0.32030789
309.883000
-0.89200
1.20915075
0.32030789
309.883000
-0.89200
1.20915075
0.32030789
309.883000
-0.89200
1.20915075
0.32030789
309.883000
-0.89200
1.20915075
0.32030781
58.403000
-0.80800
1.20915075
0.32030781
58.403000
-0.80800
1.20915075
0.32030781
58.403000
-0.80800
1.20915075
0.32030781
58.403000
-0.80800
1.20915075
0.32030781
58.403000
-0.80800
1.20915075
0.32030781
58.403000
-0.80800
1.20915075
0.32030781
58.403000
-0.80800
1.20915075
0.32030781
58.403000
-0.80800
1.20915075
0.32030781
58.403000
-0.80800
1.20915075
0.32030781
58.403000
-0.80800
1.20915077
0.32030774
82.137000
-0.76900
1.20915077
0.32030774
82.137000
-0.76900
1.20915077
0.32030774
82.137000
-0.76900
1.20915077
0.32030774
82.137000
-0.76900
1.20915077
0.32030774
82.137000
-0.76900
1.20915077
0.32030774
82.137000
-0.76900
1.20915077
0.32030774
82.137000
-0.76900
1.20915077
0.32030774
82.137000
-0.76900
1.20915077
0.32030774
82.137000
-0.76900
1.20915077
0.32030774
82.137000
-0.76900
1.20915080
0.32030768
341.772000
-0.63000
1.20915080
0.32030768
341.772000
-0.63000
1.20915080
0.32030768
341.772000
-0.63000
1.20915080
0.32030768
341.772000
-0.63000
1.20915080
0.32030768
341.772000
-0.63000
1.20915080
0.32030768
341.772000
-0.63000
1.20915080
0.32030768
341.772000
-0.63000
1.20915080
0.32030768
341.772000
-0.63000
1.20915080
0.32030768
341.772000
-0.63000
1.20915080
0.32030768
341.772000
-0.63000
1.20915085
0.32030763
43.132000
-0.44600
1.20915085
0.32030763
43.132000
-0.44600
1.20915085
0.32030763
43.132000
-0.44600
1.20915085
0.32030763
43.132000
-0.44600
1.20915085
0.32030763
43.132000
-0.44600
1.20915085
0.32030763
43.132000
-0.44600
1.20915085
0.32030763
43.132000
-0.44600
1.20915085
0.32030763
43.132000
-0.44600
1.20915085
0.32030763
43.132000
-0.44600
1.20915085
0.32030763
43.132000
-0.44600
1.20915091
0.32030760
19.728000
-0.34800
1.20915091
0.32030760
19.728000
-0.34800
1.20915091
0.32030760
19.728000
-0.34800
1.20915091
0.32030760
19.728000
-0.34800
1.20915091
0.32030760
19.728000
-0.34800
1.20915091
0.32030760
19.728000
-0.34800
1.20915091
0.32030760
19.728000
-0.34800
1.20915091
0.32030760
19.728000
-0.34800
1.20915091
0.32030760
19.728000
-0.34800
1.20915091
0.32030760
19.728000
-0.34800
1.20915099
0.32030757
304.410000
-0.19800
1.20915099
0.32030757
304.410000
-0.19800
1.20915099
0.32030757
304.410000
-0.19800
1.20915099
0.32030757
304.410000
-0.19800
1.20915099
0.32030757
304.410000
-0.19800
1.20915099
0.32030757
304.410000
-0.19800
1.20915099
0.32030757
304.410000
-0.19800
1.20915099
0.32030757
304.410000
-0.19800
1.20915099
0.32030757
304.410000
-0.19800
1.20915099
0.32030757
304.410000
-0.19800
1.20915108
0.32030756
204.509000
-0.05400
1.20915108
0.32030756
204.509000
-0.05400
1.20915108
0.32030756
204.509000
-0.05400
1.20915108
0.32030756
204.509000
-0.05400
1.20915108
0.32030756
204.509000
-0.05400
1.20915108
0.32030756
204.509000
-0.05400
1.20915108
0.32030756
204.509000
-0.05400
1.20915108
0.32030756
204.509000
-0.05400
1.20915108
0.32030756
204.509000
-0.05400
1.20915108
0.32030756
204.509000
-0.05400
1.20915117
0.32030756
254.057000
0.12000
1.20915117
0.32030756
254.057000
0.12000
1.20915117
0.32030756
254.057000
0.12000
1.20915117
0.32030756
254.057000
0.12000
1.20915117
0.32030756
254.057000
0.12000
1.20915117
0.32030756
254.057000
0.12000
1.20915117
0.32030756
254.057000
0.12000
1.20915117
0.32030756
254.057000
0.12000
1.20915117
0.32030756
254.057000
0.12000
1.20915117
0.32030756
254.057000
0.12000
1.20915125
0.32030758
0.000000
0.23700
1.20915125
0.32030758
0.000000
0.23700
1.20915125
0.32030758
0.000000
0.23700
1.20915125
0.32030758
0.000000
0.23700
1.20915125
0.32030758
0.000000
0.23700
1.20915125
0.32030758
0.000000
0.23700
1.20915125
0.32030758
0.000000
0.23700
1.20915125
0.32030758
0.000000
0.23700
1.20915125
0.32030758
0.000000
0.23700
1.20915125
0.32030758
0.000000
0.23700
1.20915134
0.32030761
0.000000
0.39500
1.20915134
0.32030761
0.000000
0.39500
1.20915134
0.32030761
0.000000
0.39500
1.20915134
0.32030761
0.000000
0.39500
1.20915134
0.32030761
0.000000
0.39500
1.20915134
0.32030761
0.000000
0.39500
1.20915134
0.32030761
0.000000
0.39500
1.20915134
0.32030761
0.000000
0.39500
1.20915134
0.32030761
0.000000
0.39500
1.20915134
0.32030761
0.000000
0.39500
1.20915142
0.32030764
215.339000
0.48700
1.20915142
0.32030764
215.339000
0.48700
1.20915142
0.32030764
215.339000
0.48700
1.20915142
0.32030764
215.339000
0.48700
1.20915142
0.32030764
215.339000
0.48700
1.20915142
0.32030764
215.339000
0.48700
1.20915142
0.32030764
215.339000
0.48700
1.20915142
0.32030764
215.339000
0.48700
1.20915142
0.32030764
215.339000
0.48700
1.20915142
0.32030764
215.339000
0.48700
1.20915149
0.32030768
214.672000
0.57800
1.20915149
0.32030768
214.672000
0.57800
1.20915149
0.32030768
214.672000
0.57800
1.20915149
0.32030768
214.672000
0.57800
1.20915149
0.32030768
214.672000
0.57800
1.20915149
0.32030768
214.672000
0.57800
1.20915149
0.32030768
214.672000
0.57800
1.20915149
0.32030768
214.672000
0.57800
1.20915149
0.32030768
214.672000
0.57800
1.20915149
0.32030768
214.672000
0.57800
1.20915156
0.32030773
217.611000
0.62900
1.20915156
0.32030773
217.611000
0.62900
1.20915156
0.32030773
217.611000
0.62900
1.20915156
0.32030773
217.611000
0.62900
1.20915156
0.32030773
217.611000
0.62900
1.20915156
0.32030773
217.611000
0.62900
1.20915156
0.32030773
217.611000
0.62900
1.20915156
0.32030773
217.611000
0.62900
1.20915156
0.32030773
217.611000
0.62900
1.20915156
0.32030773
217.611000
0.62900
1.20915161
0.32030779
0.000000
0.76400
1.20915161
0.32030779
0.000000
0.76400
1.20915161
0.32030779
0.000000
0.76400
1.20915161
0.32030779
0.000000
0.76400
1.20915161
0.32030779
0.000000
0.76400
1.20915161
0.32030779
0.000000
0.76400
1.20915161
0.32030779
0.000000
0.76400
1.20915161
0.32030779
0.000000
0.76400
1.20915161
0.32030779
0.000000
0.76400
1.20915161
0.32030779
0.000000
0.76400
1.20915166
0.32030786
0.000000
0.72200
1.20915166
0.32030786
0.000000
0.72200
1.20915166
0.32030786
0.000000
0.72200
1.20915166
0.32030786
0.000000
0.72200
1.20915166
0.32030786
0.000000
0.72200
1.20915166
0.32030786
0.000000
0.72200
1.20915166
0.32030786
0.000000
0.72200
1.20915166
0.32030786
0.000000
0.72200
1.20915166
0.32030786
0.000000
0.72200
1.20915166
0.32030786
0.000000
0.72200
1.20915169
0.32030792
107.502000
0.76600
1.20915169
0.32030792
107.502000
0.76600
1.20915169
0.32030792
107.502000
0.76600
1.20915169
0.32030792
107.502000
0.76600
1.20915169
0.32030792
107.502000
0.76600
1.20915169
0.32030792
107.502000
0.76600
1.20915169
0.32030792
107.502000
0.76600
1.20915169
0.32030792
107.502000
0.76600
1.20915169
0.32030792
107.502000
0.76600
1.20915169
0.32030792
107.502000
0.76600
1.20915171
0.32030799
0.000000
0.76600
1.20915171
0.32030799
0.000000
0.76600
1.20915171
0.32030799
0.000000
0.76600
1.20915171
0.32030799
0.000000
0.76600
1.20915171
0.32030799
0.000000
0.76600
1.20915171
0.32030799
0.000000
0.76600
1.20915171
0.32030799
0.000000
0.76600
1.20915171
0.32030799
0.000000
0.76600
1.20915171
0.32030799
0.000000
0.76600
1.20915171
0.32030799
0.000000
0.76600
1.20915171
0.32030806
0.000000
0.71400
1.20915171
0.32030806
0.000000
0.71400
1.20915171
0.32030806
0.000000
0.71400
1.20915171
0.32030806
0.000000
0.71400
1.20915171
0.32030806
0.000000
0.71400
1.20915171
0.32030806
0.000000
0.71400
1.20915171
0.32030806
0.000000
0.71400
1.20915171
0.32030806
0.000000
0.71400
1.20915171
0.32030806
0.000000
0.71400
1.20915171
0.32030806
0.000000
0.71400
1.20915169
0.32030813
0.000000
0.80000
1.20915169
0.32030813
0.000000
0.80000
1.20915169
0.32030813
0.000000
0.80000
1.20915169
0.32030813
0.000000
0.80000
1.20915169
0.32030813
0.000000
0.80000
1.20915169
0.32030813
0.000000
0.80000
1.20915169
0.32030813
0.000000
0.80000
1.20915169
0.32030813
0.000000
0.80000
1.20915169
0.32030813
0.000000
0.80000
1.20915169
0.32030813
0.000000
0.80000
1.20915166
0.32030820
0.000000
0.75000
1.20915166
0.32030820
0.000000
0.75000
1.20915166
0.32030820
0.000000
0.75000
1.20915166
0.32030820
0.000000
0.75000
1.20915166
0.32030820
0.000000
0.75000
1.20915166
0.32030820
0.000000
0.75000
1.20915166
0.32030820
0.000000
0.75000
1.20915166
0.32030820
0.000000
0.75000
1.20915166
0.32030820
0.000000
0.75000
1.20915166
0.32030820
0.000000
0.75000
1.20915162
0.32030826
0.000000
0.63900
1.20915162
0.32030826
0.000000
0.63900
1.20915162
0.32030826
0.000000
0.63900
1.20915162
0.32030826
0.000000
0.63900
1.20915162
0.32030826
0.000000
0.63900
1.20915162
0.32030826
0.000000
0.63900
1.20915162
0.32030826
0.000000
0.63900
1.20915162
0.32030826
0.000000
0.63900
1.20915162
0.32030826
0.000000
0.63900
1.20915162
0.32030826
0.000000
0.63900
1.20915155
0.32030830
330.313000
0.41900
1.20915155
0.32030830
330.313000
0.41900
1.20915155
0.32030830
330.313000
0.41900
1.20915155
0.32030830
330.313000
0.41900
1.20915155
0.32030830
330.313000
0.41900
1.20915155
0.32030830
330.313000
0.41900
1.20915155
0.32030830
330.313000
0.41900
1.20915155
0.32030830
330.313000
0.41900
1.20915155
0.32030830
330.313000
0.41900
1.20915155
0.32030830
330.313000
0.41900
1.20915148
0.32030833
297.017000
0.32000
1.20915148
0.32030833
297.017000
0.32000
1.20915148
0.32030833
297.017000
0.32000
1.20915148
0.32030833
297.017000
0.32000
1.20915148
0.32030833
297.017000
0.32000
1.20915148
0.32030833
297.017000
0.32000
1.20915148
0.32030833
297.017000
0.32000
1.20915148
0.32030833
297.017000
0.32000
1.20915148
0.32030833
297.017000
0.32000
1.20915148
0.32030833
297.017000
0.32000
1.20915141
0.32030835
310.094000
0.14400
1.20915141
0.32030835
310.094000
0.14400
1.20915141
0.32030835
310.094000
0.14400
1.20915141
0.32030835
310.094000
0.14400
1.20915141
0.32030835
310.094000
0.14400
1.20915141
0.32030835
310.094000
0.14400
1.20915141
0.32030835
310.094000
0.14400
1.20915141
0.32030835
310.094000
0.14400
1.20915141
0.32030835
310.094000
0.14400
1.20915141
0.32030835
310.094000
0.14400
1.20915133
0.32030835
51.187000
-0.07800
1.20915133
0.32030835
51.187000
-0.07800
1.20915133
0.32030835
51.187000
-0.07800
1.20915133
0.32030835
51.187000
-0.07800
1.20915133
0.32030835
51.187000
-0.07800
1.20915133
0.32030835
51.187000
-0.07800
1.20915133
0.32030835
51.187000
-0.07800
1.20915133
0.32030835
51.187000
-0.07800
1.20915133
0.32030835
51.187000
-0.07800
1.20915133
0.32030835
51.187000
-0.07800
1.20915124
0.32030834
0.000000
-0.26600
1.20915124
0.32030834
0.000000
-0.26600
1.20915124
0.32030834
0.000000
-0.26600
1.20915124
0.32030834
0.000000
-0.26600
1.20915124
0.32030834
0.000000
-0.26600
1.20915124
0.32030834
0.000000
-0.26600
1.20915124
0.32030834
0.000000
-0.26600
1.20915124
0.32030834
0.000000
-0.26600
1.20915124
0.32030834
0.000000
-0.26600
1.20915124
0.32030834
0.000000
-0.26600
1.20915116
0.32030831
355.167000
-0.41900
1.20915116
0.32030831
355.167000
-0.41900
1.20915116
0.32030831
355.167000
-0.41900
1.20915116
0.32030831
355.167000
-0.41900
1.20915116
0.32030831
355.167000
-0.41900
1.20915116
0.32030831
355.167000
-0.41900
1.20915116
0.32030831
355.167000
-0.41900
1.20915116
0.32030831
355.167000
-0.41900
1.20915116
0.32030831
355.167000
-0.41900
1.20915116
0.32030831
355.167000
-0.41900
1.20915109
0.32030827
0.000000
-0.51000
1.20915109
0.32030827
0.000000
-0.51000
1.20915109
0.32030827
0.000000
-0.51000
1.20915109
0.32030827
0.000000
-0.51000
1.20915109
0.32030827
0.000000
-0.51000
1.20915109
0.32030827
0.000000
-0.51000
1.20915109
0.32030827
0.000000
-0.51000
1.20915109
0.32030827
0.000000
-0.51000
1.20915109
0.32030827
0.000000
-0.51000
1.20915109
0.32030827
0.000000
-0.51000
1.20915102
0.32030822
45.257000
-0.60900
1.20915102
0.32030822
45.257000
-0.60900
1.20915102
0.32030822
45.257000
-0.60900
1.20915102
0.32030822
45.257000
-0.60900
1.20915102
0.32030822
45.257000
-0.60900
1.20915102
0.32030822
45.257000
-0.60900
1.20915102
0.32030822
45.257000
-0.60900
1.20915102
0.32030822
45.257000
-0.60900
1.20915102
0.32030822
45.257000
-0.60900
1.20915102
0.32030822
45.257000
-0.60900
1.20915096
0.32030816
180.010000
-0.65200
1.20915096
0.32030816
180.010000
-0.65200
1.20915096
0.32030816
180.010000
-0.65200
1.20915096
0.32030816
180.010000
-0.65200
1.20915096
0.32030816
180.010000
-0.65200
1.20915096
0.32030816
180.010000
-0.65200
1.20915096
0.32030816
180.010000
-0.65200
1.20915096
0.32030816
180.010000
-0.65200
1.20915096
0.32030816
180.010000
-0.65200
1.20915096
0.32030816
180.010000
-0.65200
1.20915091
0.32030810
0.000000
-0.75200
1.20915091
0.32030810
0.000000
-0.75200
1.20915091
0.32030810
0.000000
-0.75200
